Dip	Direction
80	276
85	88
84	285
70	255
84	275
50	265
72	260
75	285
87	275
70	255
88	275
65	275
72	250
82	275
85	240
85	265
82	245
80	280
85	290
75	275
80	275
76	225
75	325
82	265
80	255
80	245
80	257
84	295
82	255
88	262
84	285
85	250
88	220
70	205
75	290
84	225
88	285
80	275
72	340
75	105
85	90
76	250
89	250
85	255
82	280
85	235
82	270
85	290
80	190
80	340
85	265
70	290
88	280
66	230
62	245
72	93
79	253
69	240
72	225
80	230
84	241
61	90
90	285
84	286
64	70
69	106
88	273
65	110
87	300
83	275
75	215
88	225
84	240
68	260
86	210
80	205
78	80
80	290
85	265
72	70
75	350
78	325
72	58
75	275
87	240
74	55
70	55
62	105
87	100
70	150
88	20
80	265
82	260
89	245
75	260
75	220
80	260
86	270
72	50
80	240
79	290
89	270
75	290
88	280
89	250
79	235
87	290
68	110
86	270
77	295
80	90
88	80
82	260
88	210
81	293
80	275
86	235
88	300
70	210
60	290
63	290
82	54
88	70
85	230
74	40
88	75
88	260
66	68
68	85
39	285
61	10
68	90
86	275
80	70
65	215
61	100
65	50
89	270
85	10
73	50
75	355
75	355
83	240
78	355
60	320
90	150
85	355
80	135
75	140
70	150
90	50
62	30
75	85
65	210
72	52
65	40
78	50
73	325
75	100
70	50
75	45
82	70
50	150
70	45
70	45
75	50
67	50
63	35
75	70
79	260
63	70
70	5
60	210
78	260
76	35
89	25
81	60
62	285
78	62
65	135
55	35
85	210
75	245
82	135
58	120
58	335
84	240
65	305
65	80
85	50
72	355
87	30
60	45
69	62
60	41
63	65
68	320
73	35
70	75
71	58
73	285
70	40
68	50
69	50
85	40
85	145
79	320
70	100
83	30
76	40
85	40
75	35
61	10
80	110
80	205
88	25
89	30
85	70
85	70
73	35
75	15
89	15
71	50
64	30
84	20
66	45
68	35
60	270
59	175
54	245
72	45
84	210
69	125
74	240
86	70
79	40
55	235
51	252
88	262
88	120
56	32
70	75
85	287
74	240
65	245
84	215
80	40
84	35
56	25
74	260
56	130
84	165
90	230
75	35
75	40
89	85
81	190
82	50
89	45
83	165
85	325
84	45
58	113
62	355
85	30
85	55
75	302
83	10
90	30
90	30
74	40
88	325
90	215
83	30
90	59
66	220
90	270
76	30
78	45
90	45
75	20
89	25
77	205
76	10
80	265
89	173
84	135
75	154
75	260
75	138
85	230
90	65
75	85
70	293
71	230
80	61
78	230
81	335
74	40
74	220
76	325
90	225
68	145
70	215
70	212
72	187
69	155
71	232
71	255
55	138
89	245
88	150
69	297
68	245
71	335
75	110
80	175
44	146
70	145
80	315
71	225
89	295
71	300
66	255
77	230
64	235
68	250
70	207
69	216
75	60
84	230
51	180
65	180
80	140
60	228
78	40
75	160
61	213
85	215
72	190
65	315
60	210
85	218
78	223
75	283
61	225
60	243
62	25
70	213
90	305
90	255
88	52
81	285
61	210
83	232
69	295
84	50
60	295
60	295
78	65
85	330
90	215
86	55
70	238
72	140
88	270
85	245
80	229
65	237
76	280
85	320
85	245
75	230
90	225
75	215
90	70
62	130
90	205
75	120
83	155
70	142
80	235
87	180
68	230
72	45
90	20
84	223
81	225
65	212
82	260
71	280
75	305
64	245
88	275
75	200
62	200
81	156
83	173
75	220
50	250
85	220
69	63
89	325
86	260
80	270
71	220
58	120
80	70
84	50
60	320
75	95
77	60
89	70
89	218
84	225
75	260
76	220
75	240
74	15
75	240
74	55
88	212
88	227
78	125
75	205
65	140
90	240
70	220
85	230
88	250
68	225
81	48
80	75
85	290
76	225
85	235
70	55
75	225
65	96
72	55
58	240
90	240
75	326
64	221
67	150
82	345
80	320
81	145
88	10
81	140
65	305
71	326
65	15
82	31
62	130
85	70
71	225
70	210
70	210
85	228
89	230
63	10
72	227
75	165
55	315
75	190
90	180
60	40
88	25
65	305
80	62
70	272
90	76
88	35
82	225
85	225
75	55
80	75
68	55
65	32
81	80
70	45
83	45
65	85
88	30
83	107
90	35
86	220
80	300
65	10
90	265
87	260
65	240
75	25
87	40
84	50
68	80
84	30
69	55
83	60
90	100
83	210
80	240
74	45
82	5
85	50
70	250
70	180
70	230
88	225
87	170
70	52
87	90
85	220
85	235
80	40
80	40
74	220
80	30
88	270
65	187
65	296
75	40
72	220
82	30
72	235
64	25
72	15
74	200
60	45
90	40
85	15
84	240
80	40
90	30
74	225
60	165
90	10
85	20
85	120
75	230
65	280
89	230
80	218
58	10
82	220
80	15
86	40
75	175
60	190
86	195
74	225
80	240
88	50
83	230
87	220
85	260
88	70
50	280
74	30
75	40
65	290
85	230
84	255
75	235
83	30
85	5
85	230
70	40
85	40
90	65
90	45
90	40
88	100
75	50
85	220
75	195
70	260
65	270
65	230
86	70
86	225
82	220
89	215
88	225
80	190
86	245
75	50
76	70
65	20
78	275
88	205
65	30
90	238
88	30
75	45
68	98
66	265
80	30
90	230
65	280
90	240
90	230
90	210
65	260
76	45
70	60
80	35
70	180
75	200
88	190
70	80
89	50
65	260
85	40
76	225
80	262
80	260
80	220
85	220
80	170
65	5
40	328
43	355
35	325
55	10
82	2
62	0
45	340
35	342
35	340
40	350
38	345
70	165
65	340
35	7
40	330
35	3
38	355
38	15
35	3
46	335
41	340
35	325
42	20
55	100
80	30
48	320
45	316
40	340
34	320
70	340
75	10
83	310
55	15
78	350
55	330
45	335
56	5
55	335
53	5
68	350
55	320
55	330
52	330
85	348
88	335
35	345
81	10
73	343
54	340
53	5
75	30
55	6
68	350
80	335
73	155
50	10
70	320
66	70
56	315
50	320
55	340
85	358
55	340
73	35
80	85
88	320
89	330
48	310
81	340
58	320
58	250
50	2
84	295
65	282
65	315
88	325
52	5
80	350
65	15
53	290
60	305
73	350
58	7
52	340
50	30
75	25
78	345
82	35
76	40
77	356
40	355
75	45
70	25
73	350
47	300
75	20
89	15
48	335
72	40
75	300
62	50
55	12
80	315
50	348
38	330
75	355
33	358
60	220
43	325
58	30
60	295
75	305
63	355
60	330
42	335
58	325
65	320
40	125
48	305
75	280
45	315
78	42
74	220
84	230
90	190
65	230
87	230
70	220
48	300
39	330
86	165
60	10
52	320
82	330
50	325
60	320
75	25
40	290
45	310
60	300
58	325
55	300
45	315
39	325
60	330
60	295
45	302
69	315
35	350
55	305
43	315
65	330
50	185
52	5
38	335
48	155
78	50
42	350
80	7
51	300
73	320
52	330
68	35
72	40
67	340
54	336
61	340
48	315
74	30
56	300
59	310
61	310
79	340
86	230
70	240
78	310
60	300
62	330
55	340
45	280
60	280
45	310
58	315
65	355
65	250
35	0
71	265
41	310
83	340
59	310
55	320
58	295
67	330
50	350
50	350
65	320
45	318
42	355
45	325
60	293
54	326
65	350
48	330
52	315
48	250
54	325
75	155
62	320
37	330
60	305
42	325
50	300
65	310
48	317
54	10
60	10
44	265
33	340
76	45
74	285
57	325
45	310
36	330
55	350
38	2
42	10
72	52
65	317
75	139
66	320
72	255
68	310
78	345
55	250
55	135
60	200
55	243
77	130
82	140
61	330
78	155
64	345
71	300
81	270
81	255
53	325
57	140
70	150
64	148
80	350
86	125
65	140
66	145
61	320
86	315
81	150
63	110
80	135
78	33
54	180
56	80
70	320
70	147
55	145
57	43
46	147
60	333
62	316
83	48
74	155
72	142
81	216
70	335
70	20
85	322
60	335
86	290
72	253
85	325
80	308
55	240
84	235
78	251
70	165
58	265
48	260
79	245
70	235
68	345
80	85
66	235
80	30
50	170
60	133
66	138
60	290
40	345
48	315
62	305
80	259
60	310
66	151
62	100
55	315
68	80
84	225
36	290
63	312
55	313
54	90
56	120
57	115
60	110
70	140
74	233
76	335
76	320
53	171
69	135
73	52
69	140
76	5
76	5
79	135
68	231
54	170
49	180
50	180
71	225
55	168
75	132
41	133
62	145
74	180
51	250
60	153
72	140
51	145
50	126
43	175
56	205
75	125
58	235
61	231
66	225
60	165
75	150
60	225
55	330
50	125
81	330
60	160
75	160
67	145
55	235
83	150
56	175
70	210
60	150
68	215
75	170
78	130
48	140
80	330
75	322
80	130
59	160
65	185
65	248
40	145
52	235
60	185
60	135
75	128
80	145
60	135
80	146
72	125
67	310
65	128
74	325
45	345
60	168
62	310
54	250
80	150
71	42
70	320
78	330
45	320
44	340
65	143
79	330
75	145
88	2
51	322
80	323
79	324
71	152
60	5
75	160
48	330
55	326
61	260
56	308
81	38
80	275
70	270
70	243
54	300
44	287
46	295
60	335
40	12
70	315
45	325
40	310
48	295
43	320
65	315
55	290
70	320
55	275
60	275
58	122
40	155
85	190
55	115
62	350
80	340
50	320
41	10
45	280
51	300
48	305
35	330
62	195
65	320
60	355
54	175
62	155
65	150
70	140
80	320
53	175
47	140
60	325
55	325
55	335
61	325
76	135
72	140
60	140
52	340
55	16
42	310
40	310
55	270
50	310
45	280
47	310
61	335
52	315
35	285
48	275
48	285
65	305
55	280
48	265
55	310
54	295
48	335
46	325
55	313
40	290
55	290
45	320
58	305
56	305
55	270
60	280
55	290
40	10
55	330
65	335
45	332
65	320
43	325
55	5
55	300
58	325
54	300
40	295
51	290
65	285
55	300
38	280
58	320
58	330
75	355
50	305
55	305
55	330
80	290
60	20
65	355
40	0
75	345
40	300
70	280
40	320
45	310
50	335
58	310
50	320
80	320
70	325
50	300
58	290
65	300
48	340
60	350
60	310
54	330
70	345
65	328
55	300
70	330
70	290
60	320
65	320
55	330
45	345
62	350
75	295
45	325
56	295
53	320
50	310
63	332
42	320
42	315
55	330
54	355
54	340
60	310
56	335
72	330
35	340
47	290
58	300
80	310
45	340
60	310
65	330
43	320
45	330
75	0
70	325
42	0
35	335
65	260
70	285
